VT_Avg_Temp(F),VT_PRCP(mm),ME_Avg_Temp(F),ME_PRCP(mm),CT_Avg_Temp(F),CT_PRCP(mm),MA_Avg_Temp(F),MA_PRCP(mm),CT_Conf_Cases,VT_Conf_Cases,ME_Conf_Cases,MA_Conf_Cases,weekday
26.96,0.0,19.04,0.0,18.32,0.0,22.46,0.0,0.0,0.0,0.0,0.0,2
27.14,0.0,26.6,0.3,23.72,0.0,32.0,0.0,0.0,0.0,0.0,0.0,3
30.56,0.0,29.48,0.0,33.08,0.0,35.42,0.0,0.0,0.0,0.0,0.0,4
34.52,1.3,31.46,1.0,38.84,0.0,39.019999999999996,0.0,0.0,0.0,0.0,0.0,0
30.02,0.3,21.560000000000002,0.0,36.68,0.0,37.4,0.0,0.0,0.0,0.0,0.0,1
19.58,0.0,13.100000000000001,0.0,34.34,0.0,34.52,0.0,0.0,0.0,0.0,1.0,2
16.7,0.0,14.719999999999999,0.0,26.240000000000002,0.0,25.88,0.0,0.0,0.0,0.0,0.0,3
22.46,0.0,22.1,0.0,28.94,0.3,32.36,0.0,0.0,0.0,0.0,0.0,4
34.52,0.0,27.5,0.0,37.58,0.0,35.96,0.0,0.0,0.0,0.0,0.0,0
31.1,0.0,25.7,0.0,36.68,0.0,37.4,0.0,0.0,0.0,0.0,0.0,1
26.06,0.0,19.04,0.0,39.74,0.3,34.88,2.5,0.0,0.0,0.0,0.0,2
23.18,10.2,16.7,5.3,32.18,9.1,33.98,11.4,0.0,0.0,0.0,1.0,3
22.1,22.6,18.14,25.4,34.88,8.4,44.42,11.4,0.0,0.0,0.0,0.0,4
31.64,0.8,24.08,3.0,36.68,6.9,38.480000000000004,3.3,0.0,0.0,0.0,0.0,0
30.02,1.3,24.08,0.0,39.019999999999996,3.3,40.46,6.9,0.0,0.0,0.0,0.0,1
33.98,0.0,27.5,0.0,38.84,0.0,37.4,0.0,0.0,0.0,0.0,0.0,2
23.0,3.8,17.6,1.8,36.5,16.5,35.96,16.3,0.0,0.0,0.0,0.0,3
2.120000000000001,0.0,0.0,0.0,28.94,0.0,27.5,0.0,0.0,0.0,0.0,0.0,4
24.98,2.8,12.2,10.9,31.1,4.3,32.0,3.8,0.0,0.0,0.0,0.0,1
28.04,0.0,16.7,0.3,37.58,0.0,39.019999999999996,1.5,0.0,0.0,0.0,0.0,2
11.120000000000001,0.0,3.5599999999999987,0.0,27.68,0.0,27.86,0.0,0.0,0.0,0.0,0.0,3
11.66,0.0,10.760000000000002,0.0,22.64,0.0,22.46,0.0,0.0,0.0,0.0,0.0,4
43.519999999999996,0.0,36.5,0.0,43.34,0.0,46.94,0.0,0.0,0.0,0.0,0.0,0
36.5,1.0,39.38,0.0,46.04,4.6,48.019999999999996,0.0,0.0,0.0,0.0,0.0,1
32.0,0.3,33.62,0.0,44.42,2.0,42.980000000000004,5.6,0.0,0.0,0.0,0.0,2
33.62,14.0,28.04,12.4,42.62,25.7,43.519999999999996,19.1,0.0,0.0,0.0,0.0,3
26.6,1.0,20.119999999999997,0.3,32.54,0.0,33.98,0.0,0.0,0.0,0.0,0.0,4
32.0,0.0,17.060000000000002,4.6,37.58,0.0,36.5,0.0,0.0,0.0,0.0,0.0,0
44.06,2.8,39.56,0.0,51.260000000000005,3.8,55.94,0.0,0.0,0.0,0.0,1.0,1
41.54,0.0,32.0,6.6,48.019999999999996,0.0,46.94,2.5,0.0,0.0,0.0,2.0,2
37.04,0.0,30.02,0.0,43.16,0.0,42.980000000000004,0.0,0.0,0.0,0.0,8.0,3
34.52,0.0,24.62,0.8,37.76,0.0,37.4,0.0,0.0,0.0,0.0,14.0,4
52.879999999999995,0.0,37.94,0.0,54.86,0.0,56.480000000000004,0.0,0.0,0.0,0.0,5.0,0
46.94,3.0,33.62,0.5,57.379999999999995,0.0,57.019999999999996,0.0,1.0,0.0,0.0,14.0,1
31.46,0.0,30.02,0.0,48.92,0.0,49.46,0.0,2.0,0.0,0.0,22.0,2
39.019999999999996,0.0,25.52,0.0,41.9,1.8,38.480000000000004,0.0,2.0,1.0,1.0,29.0,3
46.04,5.3,32.0,18.3,46.04,25.1,50.36,5.1,6.0,0.0,2.0,61.0,4
28.58,0.0,17.060000000000002,0.0,33.26,0.0,32.0,0.0,17.0,7.0,15.0,149.0,0
39.019999999999996,0.0,26.06,6.9,36.32,1.8,37.04,1.5,27.0,0.0,9.0,248.0,1
39.019999999999996,0.0,27.5,0.0,44.24,0.0,41.0,0.0,28.0,1.0,9.0,259.0,2
42.44,0.0,30.56,0.8,41.72,22.1,41.9,14.2,63.0,9.0,17.0,278.0,3
51.44,3.6,39.92,1.3,47.84,1.5,52.879999999999995,0.8,35.0,7.0,4.0,387.0,4
29.12,11.4,22.64,5.8,32.54,29.0,32.36,9.9,88.0,23.0,18.0,608.0,0
33.44,0.0,30.56,0.5,39.2,0.0,42.44,45.7,203.0,20.0,11.0,718.0,1
35.06,0.0,31.1,0.0,37.22,0.0,41.0,0.0,257.0,30.0,24.0,748.0,2
43.88,1.0,34.52,0.0,42.26,0.0,41.9,0.0,137.0,33.0,13.0,935.0,3
41.0,0.0,33.98,0.0,52.879999999999995,0.0,50.9,0.0,279.0,26.0,13.0,941.0,4
41.54,9.1,30.02,6.4,41.18,0.3,40.46,12.2,578.0,21.0,22.0,1238.0,0
40.1,0.3,30.92,0.0,41.18,0.0,37.4,1.8,557.0,37.0,28.0,1264.0,1
37.04,0.0,32.54,1.8,41.0,0.0,35.42,0.0,429.0,28.0,0.0,1339.0,2
39.38,6.6,37.4,26.4,44.96,2.8,42.44,6.1,267.0,17.0,73.0,1279.0,3
44.96,4.8,39.92,6.6,45.32,2.3,42.44,34.3,1090.0,51.0,56.0,1486.0,4
45.5,0.0,38.12,0.0,51.8,0.0,50.0,0.0,1231.0,31.0,29.0,1931.0,0
45.5,0.0,32.54,0.0,54.32,0.0,50.36,0.0,875.0,32.0,20.0,2024.0,1
44.96,0.0,33.62,0.0,51.08,3.3,46.4,1.0,0.0,30.0,18.0,1863.0,2
43.88,9.9,33.08,22.9,46.4,11.9,43.88,18.5,2003.0,23.0,23.0,1987.0,3
37.4,3.8,30.56,5.3,43.16,0.0,43.519999999999996,1.8,754.0,51.0,26.0,2060.0,4
55.4,6.1,43.519999999999996,22.6,56.120000000000005,43.4,56.480000000000004,48.8,1346.0,21.0,65.0,2023.0,0
43.88,0.0,41.54,0.0,52.519999999999996,0.0,51.980000000000004,0.5,608.0,4.0,37.0,2879.0,1
39.56,0.0,35.06,0.0,46.94,0.0,46.94,0.5,766.0,7.0,35.0,2605.0,2
37.04,0.3,31.46,0.0,40.64,0.0,39.92,0.0,1129.0,15.0,26.0,2392.0,3
37.94,0.0,31.64,0.0,39.56,3.6,41.36,0.0,925.0,5.0,31.0,2998.0,4
38.480000000000004,0.5,33.98,0.0,48.739999999999995,0.0,46.04,0.0,1853.0,3.0,8.0,2692.0,0
39.019999999999996,1.3,35.06,15.7,44.06,15.5,40.46,8.6,545.0,2.0,13.0,2195.0,1
33.08,0.0,25.52,0.3,39.38,0.0,38.84,0.0,2109.0,5.0,19.0,2711.0,2
40.1,0.0,30.02,0.0,39.92,0.0,42.44,0.0,631.0,2.0,30.0,2407.0,3
42.980000000000004,0.0,37.58,0.0,42.62,5.1,43.88,10.2,836.0,2.0,28.0,2284.0,4
42.980000000000004,3.6,38.480000000000004,0.8,40.82,1.5,39.92,28.4,728.0,4.0,8.0,2132.0,0
48.019999999999996,0.0,43.88,0.0,46.94,0.5,41.9,4.3,315.0,7.0,17.0,2109.0,1
50.0,0.0,45.5,0.0,48.92,0.0,42.44,0.0,455.0,0.0,16.0,2191.0,2
50.0,1.0,42.44,0.3,47.480000000000004,27.9,48.92,0.0,933.0,4.0,39.0,2051.0,3
57.019999999999996,2.5,44.06,11.9,57.019999999999996,18.5,55.94,23.6,1064.0,13.0,28.0,2086.0,4
50.36,0.5,43.88,3.6,62.239999999999995,0.0,63.86,0.0,686.0,5.0,20.0,1882.0,0
44.96,0.0,39.92,0.0,49.64,0.0,50.54,0.0,648.0,5.0,21.0,1738.0,1
45.86,0.0,42.44,0.0,46.94,0.5,44.96,0.0,374.0,1.0,28.0,1705.0,2
48.379999999999995,0.8,46.04,0.0,51.260000000000005,0.0,50.36,2.8,789.0,8.0,76.0,1685.0,3
43.519999999999996,2.5,39.019999999999996,1.5,50.72,5.6,51.44,2.3,627.0,3.0,44.0,1457.0,4
44.96,16.3,47.480000000000004,4.8,49.46,5.1,53.96,5.1,211.0,0.0,26.0,1311.0,0
42.980000000000004,0.0,35.6,11.2,47.480000000000004,0.0,48.92,0.0,568.0,1.0,15.0,1453.0,1
45.5,0.0,39.56,0.0,47.480000000000004,0.0,48.019999999999996,0.0,522.0,2.0,38.0,1317.0,2
51.08,0.0,48.019999999999996,0.0,54.32,0.5,53.42,0.0,609.0,3.0,50.0,1316.0,3
61.879999999999995,14.7,48.019999999999996,5.1,63.5,9.1,66.38,1.8,621.0,1.0,38.0,1108.0,4
60.44,0.0,50.9,0.0,58.28,0.0,55.04,0.0,697.0,0.0,26.0,1320.0,0
55.94,0.0,51.980000000000004,0.0,58.46,0.0,49.46,0.0,314.0,4.0,28.0,1077.0,1
59.9,0.0,57.56,0.0,56.66,0.0,50.9,0.0,587.0,0.0,78.0,1029.0,2
67.46000000000001,0.0,61.879999999999995,0.0,56.84,0.0,57.019999999999996,0.0,191.0,6.0,58.0,978.0,3
68.0,0.0,70.88,0.0,64.75999999999999,0.0,66.38,0.0,432.0,2.0,71.0,883.0,4
69.44,0.0,52.519999999999996,0.0,59.54,0.3,53.96,0.3,405.0,6.0,19.0,215.0,0
78.97999999999999,0.0,70.34,0.0,68.36,0.0,65.47999999999999,0.0,430.0,5.0,35.0,884.0,1
83.47999999999999,0.0,73.94,0.0,69.62,0.0,72.86,0.0,0.0,4.0,28.0,710.0,2
79.52000000000001,0.0,73.4,0.0,70.16,0.0,71.96000000000001,0.0,271.0,3.0,52.0,651.0,3
77.0,24.9,75.38,2.8,71.96000000000001,0.0,74.47999999999999,0.8,203.0,1.0,37.0,537.0,4
50.0,0.3,42.980000000000004,0.0,53.42,0.0,55.4,0.0,539.0,2.0,24.0,514.0,0
54.5,0.0,48.92,0.0,55.58,0.0,55.4,0.8,239.0,5.0,28.0,454.0,1
58.46,1.0,51.980000000000004,0.5,66.74000000000001,0.0,68.0,1.8,112.0,2.0,41.0,469.0,2
67.46000000000001,0.3,59.9,0.0,74.84,0.0,73.03999999999999,0.0,148.0,36.0,28.0,382.0,3
75.38,0.0,68.9,0.0,73.75999999999999,0.5,73.4,2.5,221.0,1.0,36.0,340.0,4
60.980000000000004,0.0,56.480000000000004,0.0,63.86,0.0,61.879999999999995,0.0,124.0,12.0,18.0,365.0,0
63.5,1.3,59.54,0.0,71.42,0.0,65.47999999999999,0.0,87.0,9.0,18.0,351.0,1
68.0,0.0,57.92,0.0,73.58,0.0,66.92,0.0,168.0,11.0,31.0,266.0,2
71.96000000000001,2.8,55.94,3.3,71.24000000000001,5.1,70.52000000000001,7.1,114.0,15.0,30.0,239.0,3
66.38,0.0,63.5,0.0,73.58,0.0,74.47999999999999,0.0,228.0,9.0,54.0,263.0,4
61.519999999999996,0.0,58.46,0.0,64.75999999999999,0.0,61.34,0.0,147.0,1.0,17.0,239.0,0
65.84,0.0,66.02000000000001,0.0,65.84,0.0,59.9,0.0,114.0,3.0,9.0,210.0,1
71.42,0.0,69.97999999999999,0.0,68.18,0.0,62.42,0.0,80.0,0.0,17.0,259.0,2
74.84,0.0,75.56,0.0,73.58,0.0,73.4,0.0,11.0,5.0,42.0,261.0,3
80.96000000000001,0.0,77.0,0.0,75.92,0.0,77.9,0.0,117.0,9.0,35.0,180.0,4
82.03999999999999,0.0,69.97999999999999,0.0,80.6,0.0,69.97999999999999,0.0,27.0,4.0,14.0,230.0,0
84.02000000000001,0.0,75.02000000000001,0.0,77.9,0.0,77.0,0.0,117.0,1.0,25.0,196.0,1
73.94,8.4,64.94,3.0,78.44,0.0,77.9,0.0,14.0,20.0,21.0,215.0,2
70.88,0.0,64.94,0.0,73.58,0.0,74.47999999999999,0.0,81.0,7.0,53.0,214.0,3
74.47999999999999,0.0,68.0,0.3,75.38,0.0,73.94,4.8,65.0,7.0,32.0,208.0,4
68.0,7.4,64.94,6.1,71.06,0.0,68.36,12.4,59.0,6.0,28.0,208.0,0
72.5,21.6,64.94,11.4,68.72,10.7,64.94,2.0,152.0,0.0,34.0,227.0,1
73.03999999999999,5.1,69.97999999999999,0.0,69.44,0.3,68.36,0.5,58.0,2.0,41.0,227.0,2
78.44,0.0,75.02000000000001,0.3,73.75999999999999,0.0,75.92,0.0,74.0,17.0,34.0,234.0,3
76.46000000000001,1.3,65.47999999999999,0.0,77.0,2.8,71.42,0.0,71.0,9.0,45.0,109.0,4
73.58,0.0,64.4,0.0,77.53999999999999,0.0,68.9,2.8,259.0,2.0,8.0,250.0,0
75.02000000000001,0.3,66.92,0.0,69.62,0.0,69.97999999999999,0.0,57.0,3.0,17.0,253.0,1
78.97999999999999,12.4,66.02000000000001,11.4,72.86,0.3,77.0,0.0,75.0,2.0,20.0,231.0,2
80.96000000000001,0.0,73.4,0.0,79.88,0.0,81.5,0.0,101.0,16.0,26.0,275.0,3
84.92,0.0,75.38,0.0,77.18,2.5,77.0,0.0,78.0,5.0,13.0,246.0,4
73.94,0.0,70.52000000000001,5.6,79.7,0.0,77.53999999999999,5.1,223.0,5.0,19.0,302.0,0
71.96000000000001,0.0,63.5,0.0,75.38,0.5,70.52000000000001,0.0,20.0,4.0,8.0,237.0,1
73.4,0.0,64.03999999999999,0.0,71.42,0.0,66.92,0.5,106.0,13.0,12.0,318.0,2
72.86,0.0,60.44,0.0,72.68,0.0,62.42,0.0,114.0,7.0,20.0,246.0,3
73.94,4.3,55.04,4.1,67.28,3.0,64.94,4.6,143.0,9.0,38.0,245.0,4
82.94,0.3,77.0,0.0,84.38,0.0,83.84,0.0,162.0,10.0,24.0,293.0,0
73.4,0.0,66.92,0.0,81.14,0.0,79.34,0.0,41.0,6.0,12.0,291.0,1
72.5,0.0,66.02000000000001,0.0,78.97999999999999,0.3,74.47999999999999,1.3,127.0,0.0,0.0,290.0,2
75.38,9.9,70.52000000000001,14.7,78.97999999999999,13.5,80.96000000000001,8.4,9.0,11.0,15.0,302.0,3
74.47999999999999,0.0,71.42,0.0,75.74000000000001,0.0,74.47999999999999,0.0,544.0,8.0,20.0,282.0,4
82.94,17.3,75.02000000000001,6.9,83.66,0.0,86.36,0.0,207.0,2.0,18.0,385.0,0
80.42,0.3,75.38,0.3,85.64,0.0,87.97999999999999,0.0,94.0,3.0,6.0,356.0,1
75.38,1.0,73.03999999999999,2.0,78.25999999999999,0.0,80.96000000000001,0.0,463.0,1.0,28.0,351.0,2
75.38,0.0,69.97999999999999,1.8,80.42,0.0,82.03999999999999,0.0,130.0,1.0,22.0,354.0,3
72.86,0.0,69.44,0.0,77.9,0.0,75.92,0.0,140.0,7.0,24.0,353.0,4
73.94,0.0,72.5,0.8,81.86,1.3,86.53999999999999,0.0,252.0,1.0,12.0,381.0,0
68.0,63.5,68.0,17.8,75.56,3.8,80.06,2.5,48.0,4.0,7.0,324.0,1
71.96000000000001,3.3,72.5,1.3,77.53999999999999,0.0,82.94,0.0,115.0,5.0,17.0,347.0,2
68.0,0.0,64.4,0.0,72.14,0.0,80.96000000000001,0.0,20.0,9.0,5.0,382.0,3
69.97999999999999,0.0,68.0,0.0,72.5,0.3,69.97999999999999,0.0,75.0,3.0,17.0,325.0,4
78.97999999999999,4.1,72.5,0.0,81.32,0.0,82.94,0.0,247.0,3.0,7.0,380.0,0
81.5,29.2,75.92,0.0,81.86,0.0,84.02000000000001,0.0,117.0,10.0,1.0,307.0,1
77.36,0.0,74.84,0.3,81.5,4.8,84.92,0.0,22.0,6.0,18.0,313.0,2
75.02000000000001,0.0,71.42,0.0,77.72,0.0,77.53999999999999,0.0,76.0,6.0,19.0,369.0,3
73.03999999999999,0.0,69.44,0.0,75.74000000000001,0.0,70.52000000000001,0.0,115.0,17.0,27.0,361.0,4
68.9,1.3,65.47999999999999,0.0,70.7,7.4,68.0,3.8,370.0,12.0,29.0,382.0,0
69.44,6.1,61.519999999999996,11.4,72.68,0.0,75.38,7.6,0.0,3.0,16.0,397.0,1
65.47999999999999,0.5,60.980000000000004,0.8,68.36,0.0,68.0,1.3,59.0,3.0,22.0,343.0,2
64.03999999999999,0.0,60.44,0.0,67.82,0.0,68.0,0.0,118.0,4.0,18.0,361.0,3
71.42,0.8,61.519999999999996,4.8,72.32,0.0,75.92,0.0,87.0,4.0,33.0,300.0,4
76.46000000000001,4.6,66.92,19.6,77.36,4.6,77.36,2.8,492.0,9.0,21.0,413.0,0
72.5,0.0,65.47999999999999,6.4,77.0,2.8,80.06,0.0,29.0,6.0,12.0,404.0,1
60.980000000000004,0.0,55.04,0.0,68.36,0.0,68.36,0.0,180.0,5.0,20.0,401.0,2
57.019999999999996,0.0,55.94,0.0,63.5,15.2,65.47999999999999,8.4,130.0,9.0,25.0,377.0,3
68.53999999999999,0.0,59.54,0.0,68.9,0.0,70.52000000000001,0.0,145.0,3.0,22.0,376.0,4
63.5,0.0,55.4,0.0,62.6,0.0,62.42,0.0,384.0,8.0,15.0,450.0,0
66.38,0.0,59.9,0.0,66.92,0.0,65.47999999999999,0.0,127.0,11.0,20.0,404.0,1
69.97999999999999,1.5,59.36,1.0,65.84,8.6,64.94,5.6,102.0,2.0,19.0,404.0,2
69.97999999999999,0.0,65.47999999999999,0.0,74.84,12.4,73.58,0.8,101.0,0.0,50.0,0.0,3
69.08,0.0,65.47999999999999,0.0,74.47999999999999,0.0,76.46000000000001,0.0,156.0,5.0,15.0,212.0,4
66.92,0.0,57.92,1.0,71.06,0.0,71.96000000000001,0.0,0.0,3.0,18.0,229.0,0
71.96000000000001,0.0,63.86,0.0,71.96000000000001,0.0,71.96000000000001,0.0,417.0,3.0,13.0,171.0,1
68.9,0.0,66.38,0.0,71.96000000000001,0.0,74.47999999999999,0.0,89.0,2.0,0.0,181.0,2
68.9,0.3,62.42,0.3,73.22,2.8,77.53999999999999,0.3,222.0,5.0,47.0,403.0,3
55.4,0.0,52.519999999999996,0.0,70.16,0.0,71.42,5.1,233.0,7.0,32.0,440.0,4
57.379999999999995,0.0,53.06,0.0,69.44,0.0,70.52000000000001,0.0,569.0,12.0,41.0,254.0,0
51.44,0.0,50.0,0.0,55.4,0.0,57.379999999999995,0.0,136.0,6.0,14.0,313.0,1
64.4,0.0,55.94,0.0,58.46,0.0,61.879999999999995,0.0,135.0,0.0,23.0,306.0,2
58.46,0.0,51.44,0.0,64.03999999999999,0.0,68.9,0.0,220.0,3.0,21.0,429.0,3
50.54,0.0,47.480000000000004,0.0,61.16,0.0,61.879999999999995,0.0,141.0,1.0,40.0,454.0,4
48.92,0.0,47.480000000000004,0.0,48.56,0.0,50.36,0.0,497.0,4.0,29.0,256.0,0
50.0,0.0,47.84,0.0,49.82,0.0,51.44,0.0,136.0,2.0,40.0,173.0,1
59.36,0.0,60.44,0.0,60.620000000000005,0.0,66.56,0.0,155.0,1.0,24.0,543.0,2
64.58,0.0,58.46,0.0,65.47999999999999,0.0,66.92,0.0,157.0,2.0,44.0,481.0,3
61.519999999999996,0.0,53.96,0.8,65.3,0.0,63.5,0.0,115.0,7.0,20.0,488.0,4
73.03999999999999,0.8,68.9,1.3,72.86,0.0,73.94,3.8,560.0,3.0,13.0,430.0,0
68.0,13.5,68.53999999999999,2.0,69.25999999999999,11.4,71.42,0.0,182.0,4.0,37.0,512.0,1
60.980000000000004,38.4,57.92,31.8,68.18,17.5,66.92,10.9,221.0,3.0,52.0,532.0,2
60.08,0.0,56.480000000000004,0.0,62.78,0.0,66.02000000000001,0.0,192.0,3.0,39.0,754.0,3
51.44,14.2,48.92,14.2,56.480000000000004,3.6,60.44,0.0,555.0,13.0,38.0,761.0,4
56.480000000000004,0.0,49.46,0.0,55.94,0.0,55.4,0.8,823.0,32.0,25.0,515.0,0
59.0,0.0,50.0,0.0,57.56,0.3,57.92,0.0,121.0,4.0,21.0,495.0,1
56.480000000000004,12.4,55.04,6.6,60.44,3.6,64.94,2.8,123.0,6.0,38.0,535.0,2
44.06,0.0,41.9,0.0,57.2,0.0,57.019999999999996,0.0,384.0,11.0,35.0,444.0,3
44.6,0.0,41.54,0.0,52.34,0.0,48.92,0.0,290.0,8.0,27.0,765.0,4
46.94,0.0,38.480000000000004,0.0,51.08,1.8,48.56,0.0,1339.0,8.0,32.0,760.0,0
50.54,4.8,40.46,58.2,51.260000000000005,38.4,56.480000000000004,52.6,320.0,10.0,28.0,749.0,1
54.86,0.0,49.46,4.1,57.019999999999996,0.0,59.36,1.3,164.0,3.0,36.0,580.0,2
60.980000000000004,1.3,51.44,0.0,55.760000000000005,0.0,59.0,0.0,167.0,14.0,18.0,587.0,3
50.9,18.3,50.54,22.9,59.0,40.4,61.879999999999995,5.1,802.0,12.0,29.0,767.0,4
55.94,6.6,46.94,5.6,49.64,0.0,48.019999999999996,0.0,1191.0,9.0,24.0,828.0,0
53.42,1.8,46.58,3.0,59.36,0.0,57.019999999999996,0.0,434.0,10.0,26.0,976.0,1
57.379999999999995,5.3,46.04,0.3,63.86,0.0,63.5,1.3,416.0,15.0,37.0,702.0,2
53.06,0.0,50.0,0.0,67.64,0.0,62.42,0.0,502.0,16.0,39.0,1049.0,3
64.4,0.0,50.0,0.0,65.84,0.8,60.980000000000004,0.0,679.0,29.0,31.0,1070.0,4
42.980000000000004,2.0,33.08,5.6,46.4,0.8,48.56,0.3,2047.0,10.0,52.0,1212.0,0
39.019999999999996,0.3,33.98,0.0,51.08,0.3,50.36,0.0,538.0,30.0,58.0,1260.0,1
43.519999999999996,0.0,28.04,0.0,48.019999999999996,10.2,48.379999999999995,6.9,490.0,7.0,77.0,1181.0,2
41.0,3.6,34.52,0.0,46.94,29.0,45.5,22.9,1319.0,21.0,80.0,1346.0,3
31.1,0.0,27.5,0.0,37.58,13.5,38.480000000000004,35.6,761.0,14.0,100.0,1582.0,4
36.5,1.3,32.0,10.4,40.28,0.0,40.46,8.9,2651.0,23.0,87.0,842.0,0
33.08,0.8,22.64,2.5,39.019999999999996,0.0,37.4,0.3,985.0,18.0,127.0,1036.0,1
42.980000000000004,0.0,25.52,0.0,41.18,0.0,42.44,0.0,530.0,30.0,146.0,1714.0,2
59.9,0.0,40.46,0.0,55.58,0.0,59.0,0.0,1687.0,36.0,189.0,1862.0,3
62.06,0.0,55.94,0.0,60.08,0.0,64.03999999999999,0.0,1065.0,23.0,184.0,2113.0,4
55.04,0.0,52.879999999999995,0.3,52.519999999999996,0.0,55.4,0.0,3307.0,23.0,195.0,1328.0,0
59.36,0.0,61.879999999999995,0.0,55.58,0.0,59.9,0.0,1521.0,47.0,172.0,2154.0,1
64.03999999999999,0.5,59.0,3.0,63.14,9.9,66.92,0.0,1788.0,73.0,142.0,2660.0,2
45.5,0.0,46.04,0.3,58.28,0.5,59.0,2.0,1158.0,116.0,193.0,2648.0,3
35.06,0.3,32.0,3.0,43.34,5.1,48.019999999999996,7.1,2746.0,92.0,244.0,2906.0,4
41.54,2.0,37.94,13.0,50.72,0.0,50.9,15.5,4639.0,119.0,173.0,2164.0,0
33.98,0.0,28.04,0.3,40.28,0.0,40.46,0.0,1702.0,96.0,246.0,2525.0,1
22.64,0.0,22.1,0.0,31.82,0.0,35.42,0.0,2042.0,57.0,156.0,2904.0,2
32.0,0.0,19.58,0.0,29.84,0.0,30.38,0.0,2353.0,149.0,215.0,2682.0,3
50.9,0.0,37.04,0.0,49.28,0.0,53.06,0.0,2088.0,149.0,224.0,2399.0,4
39.92,5.6,34.52,39.1,43.34,20.1,50.54,29.5,5271.0,85.0,185.0,1773.0,0
28.94,0.0,21.740000000000002,0.0,37.94,0.0,38.480000000000004,0.0,540.0,48.0,255.0,2576.0,1
34.52,2.3,24.62,4.8,35.42,0.3,39.92,0.0,1872.0,65.0,228.0,3395.0,2
44.96,0.0,39.92,0.0,47.12,0.0,47.480000000000004,0.0,3429.0,178.0,0.0,4658.0,4
42.980000000000004,17.0,41.54,50.3,42.26,47.8,46.4,12.2,4714.0,72.0,249.0,1168.0,0
42.980000000000004,17.0,41.54,50.3,42.26,47.8,46.4,12.2,0.0,0.0,0.0,0.0,0
53.42,2.0,49.46,36.1,57.92,0.0,55.94,18.0,1459.0,67.0,224.0,3073.0,1
36.5,0.8,35.06,0.5,38.84,0.0,39.38,0.0,2672.0,222.0,227.0,5027.0,2
37.04,0.0,30.56,0.0,38.84,0.0,39.38,0.0,4751.0,181.0,346.0,6675.0,3
42.44,0.5,32.54,0.3,46.58,0.0,49.46,0.0,1538.0,121.0,290.0,5491.0,4
26.6,0.0,21.560000000000002,0.0,31.28,0.0,30.02,0.0,8129.0,65.0,427.0,2481.0,0
24.08,0.5,21.2,0.5,29.48,0.0,30.02,0.3,2414.0,100.0,274.0,4122.0,1
28.04,2.8,21.2,1.0,29.48,0.0,27.5,0.0,2290.0,105.0,405.0,5965.0,2
33.44,0.0,25.16,0.8,38.84,0.0,37.4,0.0,2431.0,128.0,407.0,5369.0,3
37.58,0.0,28.58,0.0,35.78,0.0,37.04,0.0,3782.0,128.0,345.0,5655.0,4
33.08,0.0,25.16,0.0,35.24,1.5,39.92,3.0,7231.0,104.0,426.0,3653.0,0
21.02,0.0,12.2,0.5,33.08,0.0,32.0,0.0,1470.0,66.0,411.0,3929.0,1
10.219999999999999,0.0,2.66,0.0,22.64,4.3,23.54,0.0,2319.0,86.0,551.0,5952.0,2
12.559999999999999,6.1,8.059999999999999,0.0,22.64,23.6,28.04,34.5,2321.0,140.0,590.0,5135.0,3
11.66,0.3,8.600000000000001,0.0,24.62,0.0,25.34,0.0,2680.0,94.0,436.0,5679.0,4
35.42,0.0,32.54,0.0,31.82,0.0,30.02,0.0,4595.0,91.0,339.0,3843.0,0
33.62,1.0,32.0,0.3,32.54,0.0,36.5,0.0,1583.0,74.0,458.0,3800.0,1
28.58,0.0,22.64,0.0,35.24,0.0,32.54,0.0,1745.0,72.0,748.0,4814.0,2
45.5,3.8,33.08,5.1,37.94,0.5,40.46,0.0,2038.0,101.0,735.0,5937.0,3
37.04,0.0,26.6,2.0,33.62,0.0,36.5,0.0,8457.0,91.0,439.0,4198.0,0
24.62,0.3,23.0,0.0,35.78,0.0,35.42,0.0,767.0,82.0,590.0,4145.0,1
24.44,0.0,19.22,0.8,27.14,0.0,26.42,0.0,1696.0,74.0,590.0,6839.0,2
32.0,0.0,26.6,1.0,39.38,4.1,41.0,3.3,2045.0,136.0,702.0,7260.0,3
33.08,0.0,24.62,0.0,32.9,0.3,35.42,0.3,4516.0,80.0,375.0,4906.0,0
29.48,0.0,25.16,0.0,33.62,0.0,32.9,2.0,2332.0,165.0,598.0,4634.0,1
26.06,0.5,24.08,0.0,34.34,0.0,35.42,0.3,2486.0,120.0,525.0,6851.0,2
25.52,0.0,22.1,0.0,33.26,0.0,35.96,0.0,3304.0,245.0,535.0,7548.0,3
18.14,0.0,18.68,1.5,30.02,0.0,32.9,0.0,3236.0,216.0,782.0,8120.0,4
20.66,0.0,18.68,0.0,24.62,0.0,26.96,0.0,7364.0,111.0,313.0,4251.0,0
32.0,0.0,27.14,1.0,27.14,0.0,30.92,0.0,3689.0,169.0,715.0,5487.0,1
32.0,0.0,27.14,0.0,32.54,0.0,33.44,0.0,3529.0,121.0,824.0,5918.0,2
34.52,0.0,28.58,0.0,33.62,1.0,34.88,1.8,968.0,205.0,808.0,5955.0,3
30.56,0.0,30.02,0.0,34.88,0.0,36.86,0.5,1878.0,161.0,823.0,5525.0,4
24.62,3.0,19.58,0.0,39.019999999999996,0.0,41.0,0.0,6703.0,163.0,317.0,3301.0,0
19.58,0.3,13.100000000000001,0.0,32.0,0.0,33.44,0.0,2094.0,101.0,386.0,3085.0,1
16.16,2.3,16.16,0.0,31.82,0.0,33.44,0.0,1915.0,150.0,701.0,4514.0,2
17.6,0.5,8.600000000000001,0.0,24.62,0.0,26.42,0.0,1662.0,109.0,675.0,5140.0,3
27.5,0.0,19.04,2.8,32.54,0.0,33.98,0.0,2019.0,179.0,636.0,5272.0,4
13.64,0.0,14.719999999999999,0.0,23.36,0.0,26.96,0.0,5817.0,132.0,448.0,3651.0,0
24.62,0.5,18.68,0.0,26.78,5.1,28.04,1.5,1267.0,120.0,664.0,2495.0,1
26.6,0.5,26.6,1.5,29.12,1.3,32.9,6.4,2440.0,94.0,460.0,3320.0,2
16.7,0.0,18.68,0.3,27.86,0.0,30.02,2.0,1426.0,144.0,284.0,4631.0,3
6.079999999999998,0.0,7.16,2.3,13.100000000000001,0.0,17.42,0.0,1258.0,135.0,359.0,3118.0,4
6.620000000000001,0.0,12.739999999999998,0.3,21.380000000000003,31.2,25.88,11.7,3931.0,118.0,219.0,2398.0,0
20.66,7.9,24.62,22.1,31.82,1.3,35.42,42.4,2568.0,113.0,417.0,2239.0,1
28.58,1.5,27.68,0.3,31.64,0.0,32.36,0.3,482.0,133.0,273.0,2455.0,2
25.52,0.3,25.52,0.5,31.64,0.0,34.88,0.3,937.0,174.0,301.0,2804.0,3
26.6,4.6,20.119999999999997,1.5,29.3,0.3,32.9,0.5,1431.0,109.0,265.0,3287.0,4
16.16,0.0,13.100000000000001,0.0,22.46,0.0,24.44,0.8,4367.0,146.0,200.0,1369.0,0
17.060000000000002,3.0,8.600000000000001,0.8,21.560000000000002,4.3,21.380000000000003,5.1,869.0,59.0,217.0,1593.0,1
16.7,0.3,12.559999999999999,0.0,22.46,0.0,24.44,0.0,888.0,17.0,253.0,2050.0,2
14.18,0.0,9.14,0.0,24.259999999999998,0.3,25.52,0.0,1003.0,127.0,175.0,2450.0,3
5.539999999999999,0.0,5.18,0.0,19.4,0.0,21.92,0.0,838.0,166.0,201.0,2416.0,4
16.16,0.5,18.68,0.3,30.38,0.5,33.44,1.8,2905.0,185.0,148.0,1573.0,0
25.52,15.7,22.1,23.1,33.26,19.3,35.96,16.5,580.0,55.0,96.0,1226.0,1
16.7,0.0,14.18,0.0,27.86,0.0,29.48,0.0,534.0,79.0,104.0,1360.0,2
17.060000000000002,0.0,14.18,0.0,23.54,1.8,25.88,1.3,547.0,153.0,218.0,2040.0,3
23.18,0.5,17.240000000000002,0.0,26.06,2.8,30.92,5.1,1198.0,102.0,134.0,1818.0,4
21.560000000000002,1.5,18.68,7.6,25.88,8.9,25.88,4.8,2233.0,115.0,97.0,1262.0,0
35.42,0.8,28.58,0.0,35.6,0.0,38.84,0.8,1357.0,83.0,142.0,1237.0,1
39.56,0.3,33.98,3.0,41.0,0.0,42.44,0.0,1493.0,77.0,164.0,2102.0,2
32.54,1.0,21.560000000000002,0.8,41.54,0.0,42.44,0.0,975.0,72.0,218.0,2108.0,3
25.16,0.0,12.559999999999999,0.0,33.62,0.0,32.9,0.0,787.0,123.0,178.0,1987.0,4
27.14,1.5,21.02,10.7,37.58,6.6,41.0,3.8,2680.0,86.0,128.0,1395.0,0
12.559999999999999,0.0,1.5799999999999983,0.0,22.82,0.0,24.98,0.0,502.0,88.0,181.0,301.0,1
23.72,1.0,18.68,0.0,32.72,0.0,33.98,0.0,494.0,115.0,147.0,1899.0,2
23.54,0.3,14.719999999999999,0.0,37.22,0.0,35.96,0.0,878.0,199.0,140.0,1567.0,3
18.14,0.0,9.14,0.0,26.96,0.0,27.86,0.0,830.0,133.0,225.0,1899.0,4
20.119999999999997,0.0,21.560000000000002,0.0,28.94,0.0,30.92,0.0,2066.0,116.0,139.0,988.0,0
34.16,0.0,24.62,0.0,43.34,0.0,43.519999999999996,0.0,749.0,87.0,133.0,1263.0,1
37.58,0.0,33.62,0.0,40.82,0.0,39.92,0.0,512.0,85.0,195.0,1657.0,2
54.5,0.0,41.0,0.0,47.66,0.0,52.879999999999995,0.0,735.0,129.0,187.0,1809.0,3
42.44,0.3,41.9,0.0,55.760000000000005,0.0,56.480000000000004,0.0,1185.0,123.0,209.0,1786.0,4
14.18,0.0,2.66,0.0,25.52,0.0,21.92,0.0,2525.0,102.0,174.0,1156.0,0
24.08,0.0,16.16,0.0,26.240000000000002,0.0,27.86,0.0,853.0,55.0,189.0,1202.0,1
38.12,0.0,32.0,0.0,36.32,0.3,39.92,0.0,373.0,59.0,196.0,1711.0,2
35.06,1.0,30.56,0.0,42.44,18.5,41.0,11.9,1156.0,141.0,241.0,1941.0,3
24.08,0.0,16.16,0.0,37.22,0.0,35.96,7.9,1207.0,146.0,239.0,2163.0,4
48.019999999999996,0.0,46.58,0.0,46.4,0.0,46.94,0.0,2976.0,99.0,178.0,1206.0,0
50.54,0.0,46.94,0.0,47.84,0.0,47.84,0.0,898.0,94.0,131.0,1821.0,1
50.54,0.3,46.4,0.0,50.54,2.8,49.46,0.0,1457.0,95.0,199.0,2121.0,2
62.96,0.0,44.42,0.8,57.739999999999995,4.1,57.56,2.5,1488.0,187.0,218.0,2410.0,3
55.04,10.4,39.92,9.7,60.44,1.5,57.92,0.5,1700.0,283.0,253.0,2760.0,4
37.58,0.3,31.1,0.5,47.66,0.0,47.84,7.6,3229.0,182.0,180.0,1500.0,0
45.14,0.0,35.96,0.0,44.42,0.0,43.519999999999996,0.0,1617.0,107.0,223.0,2050.0,1
51.980000000000004,5.3,43.519999999999996,0.0,53.78,6.4,55.94,0.0,568.0,166.0,251.0,2499.0,2
33.62,6.4,33.62,17.3,48.56,1.8,48.92,40.1,1844.0,248.0,284.0,2759.0,3
29.12,0.0,21.2,0.0,32.72,0.0,34.52,0.0,1488.0,232.0,401.0,2440.0,4
46.94,0.0,33.08,8.9,52.519999999999996,0.0,48.92,0.0,2699.0,118.0,221.0,2988.0,0
47.480000000000004,0.0,39.019999999999996,1.3,54.14,0.0,51.44,0.0,1074.0,106.0,291.0,1803.0,1
51.980000000000004,0.0,46.94,0.3,56.120000000000005,0.0,44.96,0.0,1038.0,69.0,400.0,2550.0,2
55.94,0.0,51.980000000000004,0.0,56.66,0.0,51.980000000000004,0.0,1012.0,227.0,319.0,2393.0,3
61.879999999999995,0.0,53.96,0.0,55.4,0.0,50.54,0.0,1807.0,146.0,438.0,2312.0,4
57.379999999999995,0.0,48.92,0.5,49.1,0.0,45.5,1.0,2985.0,89.0,296.0,1532.0,0
53.96,0.0,48.92,0.0,51.44,0.0,46.4,0.0,1118.0,97.0,571.0,1598.0,1
59.36,0.0,44.6,0.0,57.379999999999995,0.0,48.92,0.0,1609.0,100.0,547.0,2244.0,2
48.019999999999996,17.0,47.480000000000004,0.0,48.92,36.8,48.379999999999995,0.0,702.0,176.0,580.0,2123.0,3
38.480000000000004,14.0,35.96,2.3,38.66,17.5,39.92,61.7,1062.0,139.0,571.0,2216.0,4
51.44,0.0,50.0,0.0,55.94,0.0,52.34,0.0,2339.0,96.0,260.0,1317.0,0
48.92,0.0,47.480000000000004,0.0,55.94,0.0,57.019999999999996,0.0,738.0,0.0,420.0,1188.0,1
37.04,9.1,35.06,29.5,52.519999999999996,3.3,57.92,6.9,856.0,126.0,500.0,1596.0,2
33.98,0.3,26.6,2.5,38.84,0.0,42.44,0.3,737.0,87.0,403.0,1628.0,3
48.379999999999995,0.0,38.480000000000004,0.0,46.76,0.0,46.94,0.0,1034.0,91.0,371.0,1621.0,4
39.92,0.0,36.5,3.0,49.1,0.0,48.379999999999995,0.0,2167.0,41.0,229.0,881.0,0
46.04,0.0,45.5,0.0,51.620000000000005,0.0,52.879999999999995,0.0,407.0,58.0,425.0,965.0,1
54.5,13.5,52.519999999999996,0.0,59.72,0.8,56.480000000000004,5.8,621.0,48.0,261.0,1613.0,2
53.42,8.6,55.94,0.0,59.72,5.3,50.0,8.1,486.0,101.0,254.0,1395.0,3
45.86,21.3,42.980000000000004,22.6,57.92,0.0,55.4,5.3,786.0,128.0,268.0,1335.0,4
47.480000000000004,0.0,45.5,0.0,60.260000000000005,6.4,59.9,0.0,1312.0,32.0,245.0,563.0,0
50.54,0.5,52.519999999999996,0.0,55.04,20.3,49.46,27.2,417.0,33.0,418.0,854.0,1
54.86,20.3,45.5,12.4,53.78,7.1,48.019999999999996,8.9,609.0,56.0,348.0,1019.0,2
49.46,0.0,41.54,1.8,55.760000000000005,0.0,55.04,1.0,711.0,49.0,318.0,1161.0,3
48.92,0.0,43.519999999999996,0.0,54.68,0.0,49.46,0.0,436.0,97.0,288.0,976.0,4
56.480000000000004,1.0,51.980000000000004,0.0,52.519999999999996,16.0,53.96,8.9,827.0,55.0,225.0,474.0,0
51.08,0.8,43.88,8.9,56.120000000000005,0.0,55.94,0.0,409.0,65.0,238.0,555.0,1
53.42,1.3,46.4,3.3,53.42,0.0,54.5,0.0,187.0,45.0,291.0,760.0,2
55.94,0.0,50.0,0.0,55.760000000000005,0.0,54.5,0.0,471.0,73.0,296.0,721.0,3
60.44,0.0,55.94,0.0,58.64,0.0,59.54,0.0,365.0,68.0,304.0,429.0,4
64.4,0.0,59.0,0.0,63.5,0.0,60.980000000000004,0.0,662.0,29.0,199.0,299.0,0
68.0,0.0,60.980000000000004,0.0,67.1,0.0,65.47999999999999,0.0,81.0,33.0,199.0,438.0,1
66.92,0.0,59.36,0.0,72.32,0.0,65.84,0.0,228.0,43.0,202.0,516.0,2
74.47999999999999,0.0,60.980000000000004,0.0,66.02000000000001,0.0,60.44,0.0,206.0,38.0,219.0,605.0,3
79.52000000000001,0.0,66.38,4.6,65.66,0.0,65.47999999999999,0.0,171.0,39.0,170.0,448.0,4
57.56,0.0,50.9,0.0,61.519999999999996,0.0,58.46,0.0,386.0,21.0,99.0,228.0,0
68.36,0.0,58.46,0.0,61.879999999999995,0.0,62.42,0.0,181.0,9.0,61.0,228.0,1
78.08,2.5,73.03999999999999,0.0,71.78,12.4,74.47999999999999,0.0,88.0,26.0,162.0,429.0,2
59.0,0.0,52.879999999999995,0.0,70.7,1.0,73.4,5.8,157.0,20.0,122.0,245.0,3
46.94,0.0,43.519999999999996,0.0,57.379999999999995,31.0,59.0,0.5,204.0,8.0,128.0,287.0,4
61.879999999999995,0.3,57.92,0.0,60.44,0.0,60.44,0.0,222.0,4.0,32.0,186.0,1
68.0,0.0,62.96,0.0,66.02000000000001,0.0,66.02000000000001,0.0,115.0,8.0,62.0,134.0,2
66.92,0.0,62.06,2.0,64.4,0.0,66.02000000000001,0.0,70.0,8.0,105.0,258.0,3
73.94,0.5,67.46000000000001,0.0,70.52000000000001,0.3,71.42,0.5,143.0,12.0,72.0,200.0,4
82.94,0.0,80.06,0.0,81.68,0.0,80.42,0.0,197.0,30.0,29.0,112.0,0
80.42,0.0,78.97999999999999,1.8,78.44,15.0,82.4,1.5,66.0,13.0,71.0,121.0,1
75.92,7.1,67.46000000000001,1.8,78.62,0.0,78.97999999999999,1.0,108.0,5.0,53.0,143.0,2
66.38,0.0,55.04,0.0,74.3,0.0,66.02000000000001,0.0,57.0,14.0,63.0,120.0,3
64.4,0.0,57.019999999999996,0.0,65.3,0.0,57.92,0.0,31.0,6.0,39.0,131.0,4
66.92,13.7,64.94,0.0,64.22,26.7,63.86,13.0,115.0,11.0,16.0,58.0,0
68.0,9.4,60.44,12.7,69.25999999999999,0.0,69.44,0.0,56.0,8.0,29.0,79.0,1
61.519999999999996,0.0,57.379999999999995,0.3,67.1,0.0,65.47999999999999,0.0,39.0,9.0,51.0,68.0,2
64.03999999999999,0.0,57.92,0.0,64.75999999999999,0.0,62.42,0.0,35.0,9.0,34.0,107.0,3
66.02000000000001,0.3,62.96,0.0,67.46000000000001,0.0,66.38,0.0,70.0,3.0,36.0,76.0,4
79.34,7.4,70.88,0.5,77.0,0.3,77.0,0.0,92.0,8.0,20.0,48.0,0
62.96,0.0,61.879999999999995,2.3,69.97999999999999,4.1,75.56,24.6,45.0,3.0,20.0,33.0,1
60.44,0.0,56.480000000000004,0.0,63.14,0.0,63.5,2.0,38.0,8.0,13.0,68.0,2
65.47999999999999,0.0,59.36,0.0,64.03999999999999,0.0,62.96,0.0,153.0,6.0,10.0,78.0,3
72.5,0.0,58.46,0.0,65.66,0.0,63.5,11.4,127.0,7.0,36.0,60.0,4
84.38,1.8,77.0,1.0,82.58,0.0,82.4,0.0,141.0,10.0,13.0,41.0,0
83.47999999999999,0.0,76.46000000000001,0.0,85.64,8.4,84.92,0.0,40.0,4.0,32.0,63.0,1
77.36,8.6,74.84,6.6,83.47999999999999,13.0,84.92,5.8,51.0,4.0,12.0,93.0,2
71.96000000000001,0.0,65.47999999999999,0.0,74.47999999999999,6.4,77.0,12.2,35.0,2.0,21.0,83.0,3
64.94,7.9,55.4,0.0,67.1,60.5,64.94,54.4,89.0,7.0,15.0,89.0,4
68.53999999999999,0.0,61.34,0.0,65.3,0.0,65.47999999999999,0.5,0.0,0.0,0.0,0.0,0
79.52000000000001,2.0,65.47999999999999,1.0,75.38,29.2,77.0,0.0,175.0,14.0,0.0,290.0,1
66.38,0.0,63.5,0.0,76.64,15.5,78.97999999999999,27.4,92.0,7.0,38.0,91.0,2
64.94,8.6,55.94,4.6,69.44,25.1,68.0,18.5,55.0,5.0,33.0,110.0,3
68.36,4.1,59.9,37.3,70.88,30.0,67.46000000000001,49.8,171.0,12.0,10.0,201.0,4
73.94,0.0,68.0,0.0,67.1,20.3,68.0,38.4,70.0,32.0,0.0,332.0,0
70.34,13.0,64.03999999999999,0.0,68.72,1.0,64.94,0.3,206.0,8.0,65.0,284.0,1
77.0,5.1,61.879999999999995,1.5,74.66,13.0,72.5,0.0,141.0,19.0,40.0,230.0,2
77.0,0.0,71.42,0.0,77.72,0.0,76.46000000000001,0.0,150.0,13.0,49.0,267.0,3
73.4,0.0,68.36,9.1,80.6,2.3,81.5,3.6,139.0,21.0,44.0,329.0,4
72.86,1.0,66.02000000000001,0.0,71.78,1.0,68.0,0.8,409.0,29.0,0.0,765.0,0
73.03999999999999,31.5,68.9,0.0,75.02000000000001,0.0,73.4,0.0,218.0,11.0,151.0,452.0,1
63.5,1.5,59.0,12.2,75.02000000000001,0.0,72.5,2.5,228.0,19.0,48.0,525.0,2
66.92,0.0,62.96,0.0,71.42,0.0,70.88,4.6,295.0,38.0,106.0,542.0,3
69.44,0.0,62.96,0.8,71.96000000000001,0.0,69.44,4.3,212.0,29.0,54.0,624.0,4
75.92,0.0,71.06,0.5,77.72,0.0,77.53999999999999,0.0,589.0,72.0,0.0,1272.0,0
68.9,5.6,64.03999999999999,0.0,76.64,2.0,75.92,6.9,488.0,12.0,172.0,832.0,1
66.92,0.0,60.980000000000004,0.0,71.42,0.0,68.0,11.4,391.0,44.0,64.0,660.0,2
64.4,0.3,59.9,2.0,70.16,5.1,69.44,0.0,339.0,26.0,120.0,905.0,3
66.02000000000001,8.4,59.36,2.8,73.58,0.0,71.96000000000001,4.3,491.0,59.0,111.0,931.0,4
65.84,5.1,59.54,13.5,70.34,0.0,69.44,0.0,1245.0,149.0,0.0,2105.0,0
66.56,0.0,63.5,0.0,66.74000000000001,0.0,65.47999999999999,0.0,584.0,39.0,255.0,1101.0,1
69.44,0.0,68.0,0.0,67.28,0.0,68.9,1.8,537.0,52.0,129.0,1032.0,2
72.86,0.0,64.4,3.0,69.44,0.0,64.94,85.9,644.0,90.0,149.0,1171.0,3
73.94,0.0,71.42,0.0,74.84,0.0,73.94,0.5,731.0,101.0,145.0,1206.0,4
79.52000000000001,0.0,68.0,0.0,75.02000000000001,0.0,70.34,14.7,1287.0,251.0,0.0,2652.0,0
79.52000000000001,0.0,68.36,0.0,74.66,0.0,70.88,15.7,275.0,92.0,361.0,1334.0,1
82.4,8.4,66.92,0.0,80.96000000000001,0.0,77.36,0.0,914.0,94.0,217.0,1440.0,2
81.5,0.0,78.44,0.0,83.47999999999999,10.9,82.4,0.0,742.0,126.0,236.0,1367.0,3
80.96000000000001,0.0,79.88,0.0,80.06,7.1,82.4,0.0,542.0,157.0,214.0,1298.0,4
66.02000000000001,0.0,64.4,0.0,69.08,0.0,68.0,0.0,1581.0,0.0,0.0,3093.0,0
66.02000000000001,2.8,68.0,0.0,71.96000000000001,0.0,71.96000000000001,0.0,881.0,357.0,375.0,1468.0,1
74.47999999999999,0.5,70.88,16.8,74.66,0.0,77.9,0.0,593.0,97.0,191.0,1579.0,2
73.4,22.9,71.42,0.0,75.74000000000001,87.9,77.36,14.5,534.0,169.0,182.0,1576.0,3
79.52000000000001,0.0,75.38,0.0,75.92,0.5,73.94,0.3,431.0,115.0,185.0,1533.0,4
78.44,0.0,68.9,2.3,71.42,33.0,75.92,0.3,1554.0,82.0,0.0,3418.0,0
79.52000000000001,0.0,75.92,0.0,76.64,0.0,76.46000000000001,31.8,1071.0,105.0,362.0,1600.0,1
77.9,0.0,75.92,0.0,77.9,0.0,78.44,0.0,651.0,118.0,291.0,1495.0,2
83.47999999999999,0.0,78.44,0.0,80.06,0.0,80.96000000000001,0.0,788.0,149.0,390.0,1891.0,3
69.97999999999999,0.0,64.03999999999999,0.0,80.78,0.0,80.42,0.0,788.0,144.0,263.0,1656.0,4
76.46000000000001,5.8,65.84,1.8,75.56,0.0,75.92,0.0,1361.0,72.0,0.0,4299.0,0
71.96000000000001,0.0,68.0,0.0,74.84,0.0,74.47999999999999,0.0,1003.0,156.0,475.0,1775.0,1
64.4,0.0,62.06,0.0,66.56,103.4,66.56,4.1,712.0,199.0,434.0,2037.0,2
63.5,0.5,58.46,5.3,64.03999999999999,30.5,64.4,95.0,686.0,143.0,623.0,1767.0,3
64.94,0.0,59.0,2.0,62.78,0.0,62.42,0.0,665.0,161.0,665.0,1911.0,4
66.02000000000001,0.0,59.36,0.0,66.56,0.0,68.0,0.0,1612.0,200.0,0.0,5683.0,1
72.86,24.1,63.5,0.0,70.16,0.0,71.96000000000001,0.0,935.0,111.0,732.0,1475.0,2
67.46000000000001,0.0,62.42,35.3,71.42,3.8,70.88,8.1,626.0,152.0,620.0,2407.0,3
59.9,0.5,58.46,13.0,66.92,0.0,68.53999999999999,7.6,625.0,147.0,506.0,1873.0,4
